39.256649 732.560475 -1.514855 2 1 0 30 52 50 25 701 701 764 763
170.829105 761.144907 0.133227 4 1 0 150 200 190 143 742 750 779 774
190.375812 967.961676 1.539061 2 1 1 203 203 180 176 936 998 1001 937
365.665635 752.317362 -3.141592 11 1 0 340 390 392 341 742 743 762 763
565.964387 695.501612 -1.637923 2 1 0 553 575 579 557 666 665 727 723
613.675166 655.777659 1.107149 1 1 0 599 613 629 614 642 639 669 674
624.184148 616.894425 1.504228 1 1 0 615 631 635 616 597 599 635 636
626.285944 559.515382 -1.558892 1 1 0 619 634 635 617 539 538 580 581
631.960795 507.390831 -1.519559 1 1 0 624 642 641 621 489 487 528 526
631.540435 450.642327 -1.492012 11 1 0 625 641 637 623 432 432 470 470
633.626026 386.073916 1.516057 1 1 0 623 642 643 626 368 367 404 404
634.046386 331.637388 1.585288 1 1 0 625 643 642 625 315 314 350 348
466.070050 48.210779 0.013333 1 1 0 445 484 486 450 40 40 57 56
183.395675 78.952142 3.082837 11 1 0 161 204 205 163 72 69 86 88
