253.420876 128.669769 -2.346486 1 1 0 248 272 260 233 111 136 147 120
210.175852 176.419482 -2.226492 1 1 0 208 228 212 192 159 185 194 168
237.489763 347.368032 2.530867 11 1 0 217 223 259 251 355 364 340 330
353.715453 360.340183 0.754480 1 1 0 346 370 362 336 344 368 376 353
701.357292 65.547723 0.648996 1 1 0 690 720 712 684 50 71 82 59
713.790237 192.399794 2.191046 11 1 0 721 732 711 692 173 177 214 206
689.601706 647.684255 -2.287338 1 1 0 682 708 698 670 628 659 667 636
801.318017 657.774760 2.224879 1 1 0 808 818 797 783 639 646 677 668
725.639226 719.038544 2.714965 11 1 0 742 748 710 703 704 716 734 721
550.725035 580.817709 1.321022 5 1 0 534 555 567 547 558 555 605 606
563.518354 673.253948 1.509896 11 1 0 555 570 578 552 654 652 695 693
519.732768 673.073760 1.256564 9 1 0 505 521 534 518 656 650 690 696
282.964648 572.029527 -1.371637 5 1 0 277 300 284 271 543 546 602 596
253.233694 671.853457 -1.368771 11 1 0 249 266 257 241 651 651 693 692
196.098290 894.404553 1.608279 11 1 0 190 203 203 187 874 875 914 915
