358.248248 129.171045 0.197396 2 1 0 329 392 392 320 111 124 148 134
257.807980 106.869073 0.229904 5 1 0 294 292 221 224 105 125 109 88
169.902397 167.914617 -1.327830 5 1 0 165 189 175 150 134 143 199 195
198.938714 352.845494 2.246807 2 1 0 170 189 229 207 370 383 334 323
84.824244 358.543078 -2.464678 1 1 0 105 93 66 76 364 375 351 343
608.707725 729.443856 1.557977 5 1 0 596 621 620 598 710 710 749 749
639.474678 736.118169 -1.118642 5 1 0 638 658 640 622 714 723 759 748
649.730330 686.630582 1.467272 11 1 0 637 658 659 644 668 667 705 707
722.496618 661.398424 -1.652804 1 1 0 713 729 732 716 643 643 680 679
720.217584 704.048910 1.381899 5 1 0 708 726 734 713 688 686 720 722
782.239856 692.816530 0.326468 5 1 0 751 816 812 750 673 696 711 691
801.448854 652.119501 0.413129 1 1 0 787 821 818 779 638 656 664 650
820.332276 639.584816 0.436627 1 1 0 801 843 835 802 625 642 655 637
503.945324 582.629136 0.017542 5 1 0 545 548 461 461 574 593 592 572
