34.372817 220.598540 -1.496308 1 1 0 26 45 39 27 203 204 240 234
34.811641 269.966265 -1.558297 1 1 0 26 44 43 26 249 251 293 287
296.789702 278.962162 -1.501463 1 1 0 291 305 304 287 261 261 298 296
508.701971 296.267526 -1.482140 23 1 0 499 524 518 493 262 263 332 328
702.662277 362.529983 -3.121595 11 1 0 679 729 726 676 352 353 373 372
695.881282 409.818585 -1.125594 11 1 0 665 726 728 664 401 402 419 418
630.496473 549.145276 -3.110353 11 1 0 608 654 655 605 539 541 559 558
851.225057 552.436458 0.934288 1 1 0 846 872 856 831 530 563 577 541
903.664551 427.590966 -3.131789 23 1 1 876 930 928 880 420 419 435 435
879.748631 504.824029 0.00000 11 1 0 856 905 904 854 496 499 513 512
1021.208818 79.268948 1.514253 1 0 1 1013 1028 1029 1015 66 66 93 92
824.615567 712.934802 1.064846 11 1 0 822 842 828 807 691 727 736 698
590.305992 774.150781 -0.629645 9 1 0 603 612 578 567 754 769 794 780
231.760365 557.478093 0.079478 5 1 0 205 262 258 202 546 548 571 564
111.522528 505.696835 0.151605 1 1 0 131 128 92 95 501 516 510 496
101.210159 674.205336 0.725470 1 1 0 94 120 109 82 658 681 691 667
