509.742600 410.964300 -0.110000 5 1 0 469 543 549 478 408 393 414 429
87.704251 899.502227 -1.551568 11 1 0 78 98 97 77 873 874 926 925
334.649700 154.703000 2.396342 5 1 0 351 371 317 300 123 142 187 167
713.055300 905.318400 2.356342 5 1 0 724 746 699 683 874 893 934 921
58.274324 720.696957 3.018621 1 1 0 33 79 82 39 716 711 725 731
132.889291 331.942550 -2.176341 1 1 0 131 148 136 117 315 341 349 323
279.120584 330.713716 -1.130954 11 1 0 282 296 275 263 306 313 355 349
286.493590 204.845964 -0.660132 11 1 0 300 311 273 262 184 196 226 213
299.036622 140.328968 -1.022933 1 1 0 301 315 297 283 123 128 159 151
432.911687 163.005793 2.558220 23 1 0 452 464 414 402 138 155 187 172
398.551584 491.348285 -0.469600 1 1 0 411 420 386 378 477 489 505 495
305.621132 959.985597 2.720930 11 1 0 321 328 290 283 944 959 974 963
