758.226059 390.020424 -1.336074 1 1 0 756 771 758 747 364 370 415 411
781.996003 396.342218 -1.287002 1 1 0 781 794 784 770 376 381 418 411
798.432666 404.434114 -1.390943 11 1 0 796 809 802 787 381 384 431 422
825.742813 290.641831 -1.331565 1 1 0 824 837 828 813 269 271 315 307
850.018500 294.434907 -1.323442 11 1 0 851 862 850 838 269 270 321 317
890.730850 307.078494 -1.343997 11 1 0 887 905 897 874 284 285 334 326
901.857207 434.778722 1.884073 1 1 0 899 916 908 884 414 420 455 450
946.362633 442.112003 1.896158 11 1 0 947 960 947 932 422 421 467 459
965.833757 446.410822 1.721168 1 1 0 962 975 969 958 428 432 466 460
678.171819 299.953511 -2.850921 31 1 0 631 749 725 609 244 278 357 321
541.786518 270.947728 -2.950409 31 1 0 488 614 594 472 217 242 324 301
491.109500 107.703018 -1.245500 31 1 0 470 541 513 441 57 74 161 139
