306.934141 373.034798 -3.141592 23 1 1 279 331 330 288 363 363 383 383
300.927888 396.579311 0.013698 5 1 0 264 338 336 264 386 386 408 406
159.660810 425.649577 -0.173901 1 1 0 140 178 178 142 423 413 432 435
154.135057 468.654351 0.053283 1 1 0 136 174 172 135 460 461 478 475
928.159697 145.585322 -0.501604 1 1 1 939 948 914 911 129 145 160 148
904.374934 357.005439 -2.843094 11 1 1 889 926 922 881 345 355 371 357
924.075444 576.134639 1.782754 1 1 0 921 936 928 912 554 559 597 595
461.900556 683.825312 1.597106 1 1 0 455 470 470 453 665 665 704 702
500.100327 743.407345 -1.590025 11 1 0 490 509 510 491 717 717 769 769
461.660306 907.498185 1.550597 11 1 0 453 469 471 453 883 883 933 932
978.852475 906.056684 0.000000 1 1 0 959 998 999 960 898 897 915 914
985.098978 989.663731 0.075613 1 1 0 970 1001 1002 967 980 984 998 997
