66.309593 765.557035 1.424638 10 1 0 45 73 92 55 717 715 814 815
108.819158 756.054897 1.394562 10 1 0 85 119 130 100 721 718 792 793
307.177228 467.205222 1.396895 10 1 0 293 315 323 298 450 448 486 486
730.688541 159.702486 1.470415 31 1 0 705 750 759 710 128 122 191 198
463.808485 613.054633 0.197396 1 1 0 444 486 482 444 601 609 625 617
446.137842 747.251493 0.609163 2 1 0 428 472 464 422 725 755 769 739
456.973613 666.566673 3.023230 31 1 0 407 500 506 414 645 631 691 699
520.321199 710.409871 -0.000000 31 1 0 482 556 560 483 680 679 742 741
567.331776 661.232140 2.990847 31 1 0 524 602 612 532 641 623 687 693
630.345954 695.073087 -0.045945 31 1 0 588 672 676 586 665 665 721 729
680.357206 647.729102 2.892442 31 1 0 630 717 728 646 630 605 669 687
737.416403 684.907268 -0.057408 31 1 0 690 778 784 698 655 650 715 720
785.593909 624.727061 3.028976 31 1 0 736 824 831 751 595 583 657 664
831.749525 1017.226305 3.108925 31 0 1 791 869 871 796 994 988 1044 1043
