74.401431 586.359755 2.385312 1 1 0 82 93 69 53 567 581 605 593
351.875625 653.669017 -0.775497 1 1 0 358 371 344 334 632 650 671 661
384.824215 621.661815 -0.747680 1 1 0 365 377 405 392 630 639 615 603
379.364302 83.577515 -1.926754 9 1 1 381 395 378 363 63 101 105 65
452.086546 220.549509 0.871797 11 1 1 443 471 462 432 198 233 243 209
457.499529 39.096919 -2.208757 1 1 0 455 475 461 438 21 50 57 28
892.940988 540.701491 -1.175107 1 1 0 892 910 895 874 516 526 563 558
760.675936 388.902631 -1.361411 1 1 0 758 772 763 750 369 369 411 407
514.820129 734.317064 -0.701484 1 1 0 520 538 507 493 715 729 751 742
755.344833 848.695740 0.817134 11 1 0 745 777 764 735 825 859 871 840
472.693004 960.720944 -1.203622 1 1 0 472 486 474 459 943 946 981 973
415.503666 987.079816 -2.665126 1 1 0 404 435 427 396 973 991 999 985
