520.360324 536.001873 1.232473 1 1 0 522 533 517 509 520 549 550 525
671.237905 392.590068 -1.485069 5 1 0 664 684 679 658 359 362 427 422
822.576197 264.548339 -2.978866 1 1 0 806 841 838 806 255 260 274 268
861.351789 268.047941 -0.051237 1 1 0 841 881 881 843 263 260 274 275
855.612441 327.681161 3.104573 11 1 0 836 877 875 835 321 321 333 336
890.328494 165.439607 -1.471128 10 1 0 886 898 897 880 147 149 183 183
958.567496 136.480542 3.103875 4 1 0 945 972 972 946 128 127 145 146
1012.461369 127.381577 1.685673 1 1 0 1008 1020 1021 1001 115 114 141 140
1011.201512 90.285794 1.494024 1 1 0 1004 1021 1017 1003 106 107 75 73
975.925523 472.167813 1.013672 1 1 0 973 992 979 960 454 484 491 460
1004.902228 523.401988 -2.028075 11 1 0 1003 1019 1006 991 505 536 542 510
895.294690 523.401988 -1.558602 11 1 0 902 903 887 889 503 545 543 503
932.460924 32.802323 -1.549747 5 1 0 924 942 941 923 9 9 57 56
904.937051 20.760629 1.370615 1 1 0 894 909 915 902 4 3 37 39
