672.769143 470.146413 1.765038 9 1 0 669 683 678 662 454 456 488 483
640.924539 479.427755 -1.274251 11 1 1 640 653 642 629 459 464 501 494
594.517829 614.167237 -1.427058 9 1 0 589 605 599 584 593 597 635 631
623.161971 536.235969 1.811783 2 1 1 605 627 640 621 564 567 510 503
506.825150 598.164924 1.481603 5 1 0 493 515 521 498 568 567 630 628
31.064419 408.910578 0.327098 4 1 0 19 49 41 15 395 404 423 413
102.114692 579.592838 -2.278228 4 1 0 100 132 102 75 556 588 606 569
65.949463 681.367554 1.180878 4 1 1 76 88 59 41 659 694 705 667
105.155132 859.196099 -1.858078 23 1 1 97 107 114 103 850 846 869 871
106.755363 919.844868 1.511343 10 1 1 95 116 122 94 899 899 942 940
136.284460 663.306001 1.169568 10 1 0 140 146 134 126 651 669 674 659
269.338203 799.486434 0.024385 2 1 1 240 300 300 237 788 791 809 809
629.833530 894.081143 2.789879 2 1 1 599 606 663 651 897 911 892 876
796.120869 716.062910 2.070792 2 1 0 774 789 821 801 739 747 697 681
765.876496 716.863026 1.669377 1 1 1 757 770 776 760 738 741 696 692
906.242901 517.396620 1.765955 11 1 0 893 911 919 902 537 541 499 493
1000.816576 337.206036 -0.688924 9 1 0 1012 1024 989 979 316 330 357 345
982.093869 381.212399 1.192251 23 1 0 983 999 983 964 359 402 405 360
401.380590 588.293051 0.251690 23 1 1 379 429 426 371 573 586 604 590
