577.764684 283.208215 3.079174 9 1 0 547 605 606 552 279 274 289 291
578.916904 351.880529 3.005190 1 1 0 552 603 606 555 349 340 357 362
712.113539 294.960859 1.889544 9 1 0 709 732 713 695 265 275 322 318
603.374347 581.039676 -0.040518 1 1 0 580 620 624 590 576 574 587 588
399.756571 762.123152 0.225959 11 1 0 382 427 416 374 750 758 776 764
840.605684 759.489394 0.026310 1 1 1 820 858 861 823 754 753 767 764
827.009488 817.330840 -0.063551 11 1 0 797 856 853 802 811 807 824 827
841.988348 845.675452 -0.037020 1 1 1 823 858 866 820 839 836 854 854
631.359185 510.760711 -1.536719 10 1 0 620 644 650 611 489 489 532 534
778.385803 23.773544 0.031568 11 1 0 752 798 806 757 14 13 36 32
