404.556034 113.034480 1.255582 23 1 0 386 408 422 402 92 88 135 137
352.393268 75.011072 2.420622 11 1 0 363 375 342 330 54 67 97 82
200.299635 147.427513 1.605666 1 1 0 192 210 210 189 126 126 171 167
371.936241 239.709427 0.010869 5 1 0 349 394 396 349 229 230 250 250
638.901587 211.871889 -3.130724 11 1 0 616 661 663 616 204 204 220 219
543.938603 296.134819 -1.606076 1 1 1 532 554 555 534 275 275 320 315
673.867837 388.613862 -0.028564 11 1 0 651 700 700 644 382 380 395 396
690.402670 9.289331 -0.146012 1 1 1 673 674 710 705 6 18 12 2
615.097247 689.806775 0.054002 1 1 0 597 633 634 596 683 684 698 695
625.606229 712.544391 0.110657 1 1 0 611 641 641 608 705 705 723 716
625.033012 732.224849 0.117733 11 1 0 606 650 647 598 721 725 745 738
398.822512 989.915895 0.792201 5 1 0 387 426 408 374 964 1003 1014 979
439.520933 1025.073217 0.616801 1 0 1 429 458 449 423 1010 1032 1038 1021
