830.250413 411.420885 -1.554669 31 1 0 784 878 877 781 350 349 475 472
949.946461 453.599493 3.137943 31 1 0 882 1019 1018 881 399 395 512 509
761.168694 493.270183 -2.873482 11 1 0 739 786 782 738 479 491 508 495
730.845695 591.990924 -2.893303 1 1 0 715 754 743 711 582 589 604 593
691.175004 547.532392 1.734037 1 1 0 688 701 693 682 525 528 571 567
713.158284 672.832620 -2.931619 1 1 0 698 730 727 698 663 668 684 676
638.376753 596.227149 -0.262380 31 1 0 585 671 693 604 580 553 616 636
550.667544 1019.028181 -1.305287 2 0 1 547 570 554 532 988 993 1052 1043
583.042475 1017.660226 -1.388628 9 0 1 577 596 587 572 999 999 1040 1034
62.285960 939.914793 1.754860 2 1 0 58 84 63 44 890 896 991 983
111.076349 956.330251 1.828415 2 1 0 112 132 113 87 911 918 1001 995
21.703300 917.571530 1.788795 2 1 0 18 43 22 4 877 879 959 955
185.173903 682.967275 0.146381 31 1 0 151 228 220 141 652 663 714 702
