827.634520 75.867315 -2.288939 2 1 0 814 860 840 796 42 93 110 58
925.819463 156.535695 -1.559808 11 1 0 918 934 936 915 134 134 179 180
735.672567 246.653800 1.617275 4 1 0 725 748 747 722 225 225 267 269
765.635108 315.337164 1.650175 11 1 0 759 776 775 753 294 292 337 337
687.962982 221.761843 -1.487655 23 1 0 680 699 693 680 203 205 241 239
543.889561 201.842568 0.044914 5 1 0 519 566 566 524 191 190 216 211
491.109392 199.537758 0.000000 1 1 0 473 507 508 475 193 193 206 206
843.572347 464.218398 -1.583954 1 1 0 837 849 850 837 446 445 484 483
842.880904 510.314615 -1.585501 1 1 0 836 849 850 836 493 494 529 526
405.229597 454.787669 -1.509019 11 1 0 396 417 416 391 429 432 482 476
461.145360 908.568014 -1.747031 11 1 0 448 468 474 455 890 890 927 926
432.335224 938.991517 -1.512468 5 1 0 423 446 446 415 905 904 975 971
