182.082521 34.367914 1.917750 11 1 0 183 198 182 166 8 14 60 55
957.314600 522.512600 -2.800000 1 1 0 941 978 974 936 508 523 536 523
969.946000 487.081000 -2.800000 1 1 0 952 991 988 948 473 487 501 487
211.647997 131.227942 -1.262744 1 1 0 208 226 213 200 113 116 151 144
690.850497 37.786764 0.271683 5 1 0 658 729 723 654 19 39 56 37
566.355639 277.761922 0.014924 1 1 0 549 583 583 550 272 272 284 283
216.629520 217.233553 -2.838708 1 1 0 202 235 230 199 205 217 228 220
838.403952 887.564819 -2.879473 11 1 0 820 862 856 816 875 887 899 889
933.057601 822.697283 1.885301 11 1 0 933 947 936 917 799 805 847 840
736.242097 929.301604 0.179853 11 1 0 716 757 754 718 921 926 940 931
