271.470280 165.301785 1.590928 2 1 0 260 284 284 257 128 128 202 203
300.480484 161.337658 1.590149 2 1 0 291 311 313 286 123 122 201 199
553.769592 298.021754 -3.096678 1 1 0 531 577 575 532 288 290 308 306
622.601255 433.342642 2.008588 11 1 0 625 642 620 603 406 414 461 453
563.583090 604.739905 1.549966 11 1 0 554 572 575 553 581 581 630 628
558.357649 764.746494 1.627553 11 1 0 551 568 568 546 742 743 786 787
687.371971 638.975549 3.119857 11 1 0 663 712 709 666 632 631 646 647
694.759662 755.556926 2.944197 11 1 1 668 718 719 674 754 743 759 767
691.753281 805.375687 0.026660 1 1 1 673 711 710 673 799 800 812 811
123.049648 871.700915 1.602036 9 1 0 113 135 133 112 847 848 896 895
151.084788 871.700915 -1.611178 11 1 0 142 158 161 143 847 847 897 896
34.588182 360.115741 0.048349 10 1 0 5 66 65 2 345 350 373 372
