116.111605 567.572034 -1.559927 11 1 0 109 124 124 108 545 544 590 591
164.673997 690.633552 -0.134771 1 1 0 148 177 182 152 687 680 697 698
281.941138 686.218789 1.370888 5 1 1 263 285 297 282 650 646 722 727
315.879629 698.083464 -1.556713 1 1 1 306 326 325 306 680 681 716 716
361.682794 737.540408 3.122178 11 1 1 334 388 387 338 728 726 748 748
269.800540 562.605426 1.543026 11 1 1 261 278 278 263 544 545 581 580
655.276776 12.349092 -0.594759 11 0 1 634 643 678 667 19 29 7 -5
885.691532 295.032371 -0.624023 5 1 0 903 918 869 852 267 287 324 302
1028.605516 759.814962 -0.022468 1 0 1 1004 1051 1051 1009 752 752 767 769
948.910204 666.595597 0.883979 5 1 1 938 979 960 919 634 685 698 649
708.375260 706.443253 0.120624 5 1 0 675 743 740 676 694 699 722 711
665.629593 694.368206 -0.866850 1 1 1 661 684 670 648 711 686 676 704
254.800497 890.949976 -1.678076 1 1 1 244 262 264 249 875 874 907 907
