295.321375 220.151284 -1.472108 23 1 1 283 303 307 289 245 246 196 194
786.762075 351.561448 -0.938047 23 1 0 758 772 819 799 376 387 327 316
805.393451 549.256027 0.560121 1 1 0 794 823 817 787 535 554 563 545
182.794646 478.823075 1.764008 11 1 0 171 186 195 180 499 505 456 456
240.592771 876.296455 -2.631621 1 1 0 230 260 251 222 861 879 890 875
195.632145 907.027118 -2.610415 11 1 0 181 220 211 170 888 910 927 902
158.846178 1016.022576 -2.532904 11 0 1 147 180 171 138 999 1022 1033 1010
234.991616 1022.986174 -0.855053 1 0 1 240 250 230 220 1007 1016 1037 1032
552.783176 816.933984 -2.473760 23 1 1 565 576 541 529 840 822 796 810
969.699506 1016.890217 0.542750 1 0 1 958 989 982 950 1002 1021 1032 1013
