89.807241 67.676280 -1.604397 2 1 0 76 101 104 77 38 38 98 97
36.536255 84.911011 0.419651 10 1 0 25 57 49 16 70 85 100 86
171.942933 196.988790 -1.409421 5 1 0 164 187 181 156 173 178 221 216
398.552739 211.391956 -1.580897 11 1 0 390 407 407 391 188 185 236 236
429.855620 206.014774 -1.430872 11 1 0 424 441 434 421 187 189 225 222
451.689543 260.565719 3.036716 11 1 0 426 474 477 430 256 249 267 270
795.114071 596.742601 0.050976 11 1 0 769 819 820 772 588 588 608 603
792.809564 622.284215 -0.014492 1 1 0 775 810 810 776 616 615 629 629
680.464872 524.726773 1.570796 11 1 0 672 689 688 673 505 505 546 543
575.033699 589.060913 -2.941600 1 1 0 559 597 590 554 578 585 601 593
89.219694 677.795542 -2.416989 11 1 0 77 110 99 71 659 685 698 670
668.449514 858.734211 1.452306 5 1 0 656 676 681 661 839 837 880 880
583.749615 800.960514 -1.584880 11 1 0 576 591 592 576 784 782 819 818
