245.927725 88.491230 0.214815 9 1 0 220 274 273 217 74 86 103 91
430.515284 637.643332 -1.618952 11 1 0 423 436 441 422 617 617 660 657
454.308113 626.100276 -1.585081 1 1 0 447 463 463 446 644 644 609 609
818.267730 685.700136 1.627075 1 1 0 809 825 827 811 703 704 669 667
860.777066 241.967345 -1.524675 1 1 0 853 870 872 848 225 227 259 258
385.042789 195.591327 -0.647811 1 1 0 391 398 379 373 185 192 205 200
981.802746 929.188711 -1.591627 23 1 0 976 988 985 978 941 941 917 917
992.545926 929.877376 -1.570796 23 1 0 988 986 999 997 917 942 942 919
927.398181 806.881739 -0.011235 1 1 0 905 905 949 950 801 813 815 798
322.616265 940.482823 -1.546991 5 1 0 310 336 335 309 919 920 962 961
