54.159132 153.478046 -0.065480 11 1 1 37 69 70 41 150 148 157 159
40.371716 320.231251 0.736893 1 1 1 32 59 49 22 302 327 338 314
830.730913 58.071777 1.836128 11 1 0 830 844 834 815 33 37 84 78
857.001530 59.748625 1.900743 1 1 0 855 867 859 847 40 42 81 76
922.584913 88.255038 -1.240849 1 1 0 920 938 926 907 69 71 108 105
660.882623 218.259048 -0.640957 1 1 0 671 682 650 640 201 212 236 224
348.704558 548.754727 -2.564660 1 1 0 337 369 360 329 532 554 564 545
272.501138 690.541530 -3.053906 11 1 0 251 296 294 248 681 683 702 696
86.915276 963.325697 -2.182523 1 1 0 69 81 105 92 950 943 976 984
160.534781 1022.747155 -1.047518 1 0 1 163 173 159 147 1007 1012 1038 1033
