690.427287 87.676477 1.243970 1 1 0 676 695 703 688 75 71 102 103
665.831067 196.024384 1.389147 5 1 0 648 670 685 660 161 158 233 233
631.583165 378.472296 -1.994991 1 1 0 619 630 647 630 366 360 393 395
594.221818 484.018102 2.802958 2 1 0 630 638 557 552 459 481 507 489
762.718496 544.829758 1.543406 1 1 0 754 771 774 753 526 527 563 563
89.551765 588.547879 0.329050 9 1 0 70 113 107 68 573 589 602 590
417.576143 436.162949 -1.953540 11 1 0 403 417 435 416 419 415 453 458
444.469776 432.778982 -1.888255 11 1 0 431 446 461 439 417 414 448 453
605.074750 622.223216 1.335251 1 1 0 593 608 617 602 605 602 640 642
862.640053 472.306607 -0.037020 10 1 1 843 883 883 842 466 463 480 480
714.497307 841.792683 -1.570796 23 1 0 711 718 720 709 824 822 861 860
