420.536852 316.342682 -1.598567 1 1 0 413 427 428 414 298 299 336 333
500.629627 306.949085 -1.604874 1 1 0 492 508 511 492 285 285 330 328
502.442426 242.347506 1.614248 11 1 0 492 511 513 494 265 266 219 220
501.948027 195.379521 1.496857 5 1 1 493 514 511 490 213 218 175 175
537.874415 211.035516 1.554669 23 1 1 526 549 550 527 181 179 241 243
537.709615 272.670696 1.527812 11 1 0 530 544 550 528 250 249 297 295
226.275928 534.319628 1.558139 1 1 0 218 234 234 219 515 514 554 554
807.815476 152.402219 1.631945 2 1 0 798 821 817 796 128 128 177 177
831.865590 170.381431 1.561947 5 1 0 819 844 843 821 144 141 200 198
865.022058 315.616101 1.593781 11 1 1 853 876 874 857 336 339 297 291
728.430914 606.242650 1.591627 11 1 0 718 738 738 720 631 630 584 581
