90.394789 98.677778 -0.904104 1 1 0 98 107 84 73 81 86 119 109
116.949076 78.944775 -1.543776 5 1 0 110 125 126 107 60 60 97 97
99.652247 119.628867 -0.745419 1 1 0 109 116 90 83 102 113 135 128
187.598097 101.601185 -1.514518 5 1 0 180 197 198 175 84 84 120 119
429.022855 71.392638 1.524852 23 1 1 418 438 439 421 50 50 95 92
229.256658 306.483346 -0.000000 1 1 0 210 249 252 206 297 297 316 316
481.664073 549.799485 -1.570796 9 1 0 472 491 490 473 527 525 574 574
102.839150 431.157853 -1.407430 23 1 1 98 115 109 89 406 411 456 452
715.936837 321.028926 0.068856 1 1 0 694 737 738 694 313 314 331 326
607.039898 386.561984 1.651701 1 1 0 599 618 617 594 368 368 406 404
630.670777 385.100280 1.513168 11 1 0 622 636 642 622 359 359 411 411
813.383763 397.037528 1.651430 11 1 0 806 825 822 801 372 373 423 421
773.674141 490.586577 -1.518213 5 1 0 762 789 786 758 458 457 524 524
959.941412 110.615026 -1.570796 5 1 0 948 972 972 948 79 79 143 141
988.444638 108.178853 -1.613324 11 1 1 977 998 998 981 85 85 134 130
988.931872 164.698070 -1.624798 1 1 0 982 994 998 982 146 146 186 180
815.719962 891.241329 1.528568 1 1 0 808 822 825 808 873 874 910 908
249.812466 682.402775 0.020616 5 1 0 224 274 274 227 673 671 695 691
