168.563071 117.240751 2.275724 11 1 1 145 164 190 176 128 140 106 95
233.646972 114.816422 0.493941 1 1 1 222 254 246 213 100 117 130 112
273.368665 148.011077 0.580398 1 1 0 261 292 285 255 133 154 162 143
404.095928 143.162419 0.972377 1 1 0 401 422 408 384 122 155 164 131
476.518053 246.226844 2.658624 11 1 0 493 501 459 453 227 244 264 250
424.488229 283.524209 -0.128083 5 1 1 456 459 395 388 267 292 298 278
482.858605 274.945815 -0.077514 11 1 1 459 509 509 456 270 265 281 284
518.104614 260.213356 0.528074 1 1 0 503 537 529 503 246 266 272 257
728.937355 455.901047 -0.804264 5 1 0 746 764 711 695 422 436 492 474
583.291146 572.455312 1.611315 1 1 0 577 591 593 572 554 554 591 591
601.193881 596.698599 -1.532840 1 1 0 595 609 609 592 577 577 617 616
664.226427 693.112286 2.788960 11 1 0 634 683 693 647 698 677 692 706
725.207619 666.817644 -0.426627 5 1 0 690 752 759 700 672 647 659 689
916.258283 895.078145 -1.033210 5 1 0 924 940 909 893 864 874 930 912
316.020412 713.314527 -0.143083 5 1 1 284 343 348 289 707 700 718 728
245.901366 711.636146 1.100613 11 1 0 227 250 262 246 699 694 724 730
278.909534 718.722645 -0.014084 1 1 1 260 294 299 262 712 709 728 726
1000.847620 807.353104 -0.428778 5 0 1 959 973 1043 1029 813 834 804 779
291.304200 862.814900 -1.570800 1 1 1 278 299 306 280 841 841 881 886
