414.009341 168.211413 1.783735 1 1 0 407 429 416 404 148 151 188 185
324.820326 375.465261 1.794273 1 1 1 322 335 327 315 357 361 395 389
567.936075 280.454508 -1.295167 11 1 0 566 584 569 553 253 258 307 303
614.509973 241.565303 -1.359703 11 1 0 611 627 617 603 219 222 268 257
597.277631 297.453981 -1.330437 5 1 0 593 614 602 580 267 277 325 321
509.215757 516.266363 -1.333948 11 1 0 506 523 513 495 493 496 542 534
238.621408 687.891178 1.868162 1 1 0 236 251 242 226 670 675 707 700
704.233991 423.605953 -1.118321 1 1 0 706 720 703 688 402 409 445 438
387.044248 947.249427 -1.287701 1 1 0 384 398 390 376 931 936 963 959
856.337178 949.050285 -2.566704 1 1 0 843 878 870 834 932 954 967 943
715.125118 925.390744 2.713107 11 1 0 732 739 699 691 910 922 941 928
