74.288661 339.279654 0.014924 1 1 0 57 91 91 58 332 333 346 346
586.104430 14.625727 3.062214 1 1 0 566 608 608 562 9 6 20 24
645.348151 206.271787 1.666885 1 1 0 635 659 651 635 185 186 229 225
768.684725 200.790162 -0.010416 11 1 0 743 791 794 746 192 191 210 210
775.009677 145.130580 -3.129688 1 1 0 754 796 795 756 138 135 155 153
572.611198 303.886887 0.011904 1 1 0 595 592 551 552 296 312 313 294
773.745631 230.085464 -0.025635 5 1 0 745 802 804 744 222 219 240 240
764.679865 291.437503 -0.000000 5 1 0 737 793 793 736 279 280 303 304
372.699662 470.105444 -1.608514 11 1 0 363 381 384 364 444 444 497 497
368.272195 361.948756 1.556811 5 1 0 355 381 379 359 326 326 399 396
