34.074422 187.893685 -1.530818 11 1 0 26 44 45 21 163 163 214 212
60.621640 191.407287 -1.481293 1 1 0 55 70 72 46 172 172 211 211
157.245703 171.496874 2.794531 11 1 0 179 182 137 130 155 171 188 172
247.428162 294.472955 -1.514039 11 1 0 239 258 256 236 273 272 316 317
316.301657 369.117038 0.000000 4 1 0 294 337 337 298 353 352 386 385
354.365682 284.985783 -1.560270 11 1 0 344 365 365 343 261 262 310 308
449.190497 203.508133 3.090543 2 1 0 379 517 518 382 195 189 211 219
409.369670 161.344906 -0.073487 10 1 0 364 449 451 373 151 148 169 178
404.099267 121.914480 3.127895 2 1 0 368 441 440 367 112 107 136 133
489.596923 102.199267 3.078297 2 1 0 453 525 525 455 95 91 109 114
424.204880 83.850455 3.034095 2 1 0 387 458 460 392 79 71 89 96
