90.343044 153.207430 0.007752 5 1 1 58 121 124 58 141 142 165 165
44.811727 371.467274 2.425849 11 1 0 57 67 32 23 352 361 392 381
364.408652 257.791736 -3.120763 11 1 0 339 388 389 342 247 248 268 267
416.579951 259.011325 0.039979 5 1 1 390 442 441 393 248 250 270 268
422.677895 299.799796 -0.010989 5 1 1 377 467 469 377 289 287 311 311
494.388628 398.298598 -0.040518 1 1 0 475 513 513 477 392 390 405 406
931.675739 861.617999 0.159137 1 1 0 913 953 951 910 851 857 872 865
640.991419 988.589885 -0.010869 11 1 1 619 663 665 617 979 980 997 999
574.456073 954.170378 -0.012986 1 1 0 555 594 594 556 947 945 963 962
552.367964 991.435592 -0.050590 1 1 0 532 571 573 533 984 981 1000 1001
303.181558 852.553001 0.242072 1 1 0 285 325 322 281 841 850 865 854
572.722116 52.912813 1.202568 5 1 0 576 594 569 552 89 81 19 24
