235.599067 95.120248 0.012499 5 1 0 194 275 276 197 84 83 108 105
359.184698 65.628223 1.570796 9 1 0 349 369 367 351 87 89 44 43
308.802488 50.180019 -1.559686 11 1 0 302 316 318 299 27 28 72 73
409.040265 77.741019 -1.470128 5 1 0 401 422 417 396 52 54 104 101
342.892231 322.608419 1.598958 1 1 0 337 350 352 333 305 305 341 340
311.995824 491.134278 -3.127895 1 1 0 293 330 331 295 484 484 499 498
843.413518 238.154921 -0.358771 11 1 0 821 860 867 826 239 222 239 252
805.649252 277.890816 -0.021579 5 1 0 771 840 841 771 267 265 289 290
808.530863 129.260370 0.034469 4 1 0 795 823 823 793 117 118 141 140
827.488828 96.652670 0.048349 4 1 0 810 843 843 814 87 88 107 105
981.124176 94.984369 -1.582424 1 1 0 972 990 990 973 73 74 116 117
785.829073 496.631437 -3.141592 11 1 0 763 810 810 761 487 487 506 506
984.604082 740.268714 1.570796 1 1 1 975 994 993 976 719 719 761 761
477.497851 900.685083 1.460139 1 1 0 469 482 488 471 882 883 918 919
