287.956489 284.938739 2.745743 4 1 0 297 312 278 264 264 292 304 280
177.427074 364.685195 -0.109153 4 1 0 154 194 197 164 355 350 375 378
148.710086 260.147094 0.948493 10 1 0 149 164 150 132 245 266 277 252
165.444446 332.249460 -0.206992 10 1 0 135 188 193 146 315 304 350 360
267.916576 202.919716 0.154997 10 1 0 231 312 304 225 184 193 225 209
287.956489 382.452540 -1.438245 10 1 0 282 298 297 275 368 367 398 397
332.168254 396.914332 -1.628584 2 1 0 319 342 344 324 367 366 427 427
197.673584 466.537533 -0.053141 2 1 0 174 219 223 174 459 457 474 477
301.798490 165.112458 2.590966 2 1 0 278 292 327 310 169 187 157 148
181.559015 406.624393 1.442787 5 1 0 167 190 197 173 383 380 431 433
