93.748921 590.257691 1.217806 11 1 0 95 110 95 75 565 611 617 568
158.278146 623.225893 0.767856 5 1 0 142 187 173 131 596 638 650 608
243.513009 446.524372 0.290599 5 1 0 216 271 269 217 428 445 464 449
109.227894 560.103848 0.868539 1 1 0 105 128 113 92 541 570 576 553
27.449059 110.259989 1.480136 1 1 1 17 34 39 19 92 90 130 129
487.535429 349.998857 -1.570796 1 1 0 478 497 496 479 331 330 370 369
956.352314 689.158061 -1.610775 1 1 0 947 964 965 949 670 670 708 707
1017.464103 729.765237 3.128436 1 0 1 998 1037 1036 999 724 723 736 736
485.284706 580.901490 -1.615212 11 1 0 476 493 496 477 558 559 603 604
477.624978 978.666158 -1.584494 1 1 0 471 484 486 470 961 960 998 996
