503.461202 127.426842 2.013541 2 1 0 479 500 530 504 152 161 103 94
521.737372 67.115478 1.862253 11 1 0 505 526 536 519 85 89 49 45
727.605995 12.469605 -0.039453 4 0 1 708 744 749 709 2 0 23 24
792.473531 10.024202 -0.079199 5 0 1 762 822 826 760 2 -5 20 23
949.979557 187.978781 -0.049958 4 1 1 934 936 965 965 177 200 199 175
964.394565 386.586906 0.079043 10 1 0 938 991 988 940 374 377 400 395
980.740154 413.357635 -3.123246 2 1 0 954 1007 1009 953 403 403 425 423
923.723650 461.236055 1.226322 10 1 0 903 921 945 926 430 427 492 496
979.324395 547.468692 -0.090660 10 1 0 962 994 997 963 540 536 556 558
1004.063126 790.335749 -1.570796 2 1 0 993 1015 1014 994 761 762 820 819
826.463693 979.851474 2.164769 11 1 0 807 820 848 831 995 1003 967 954
