170.457357 13.667178 -0.291457 1 1 0 186 190 155 151 2 15 24 14
233.197266 312.108084 -1.520838 10 1 1 225 244 243 220 282 282 342 342
230.869416 240.692962 -1.649580 23 1 0 220 239 242 223 222 221 260 259
985.092820 692.946844 -1.363300 1 1 0 982 996 990 972 672 676 713 711
1006.708573 697.935095 -1.202666 1 1 0 992 1008 1020 1007 712 719 683 678
876.147177 878.099030 1.658804 11 1 0 870 887 883 865 852 853 904 903
406.352250 856.894778 -0.284074 23 1 1 369 440 441 375 858 837 857 876
382.408647 892.643908 -0.656251 23 1 1 353 397 411 368 902 871 881 917
247.555526 512.695899 2.125104 1 1 0 252 263 244 232 494 500 532 525
272.995604 590.512609 -0.961136 1 1 0 278 290 266 258 571 578 609 603
265.225100 232.715555 -1.570790 5 1 0 256 273 274 256 217 216 249 249
