615.148487 887.996511 -1.547216 5 1 0 604 629 628 600 835 835 943 939
679.054614 874.704037 0.930808 5 1 0 664 715 694 643 833 903 915 848
740.148872 851.953455 1.002836 5 1 0 732 766 748 715 821 873 884 831
797.153138 822.812261 0.805395 1 1 0 790 815 804 780 806 828 843 814
834.985566 829.714123 1.015303 1 1 0 833 851 837 819 811 840 848 819
860.292392 869.591547 0.885731 11 1 0 850 884 870 837 843 883 897 855
927.521639 858.088444 0.853918 5 1 0 912 959 944 896 824 880 891 838
955.129086 845.818467 0.794744 5 1 0 936 990 973 921 812 868 878 826
980.691537 831.247870 0.908664 5 1 0 963 1010 1001 949 794 857 869 805
666.273389 926.851437 -3.046641 11 1 0 641 695 690 639 916 922 937 933
