236.893873 178.075492 1.319106 5 1 0 239 257 235 217 141 212 214 145
338.568710 220.091073 2.437647 1 1 0 348 356 329 322 204 213 236 226
761.107405 583.576300 1.149806 1 1 0 761 776 761 746 564 598 603 570
869.175838 723.600451 -1.963136 11 1 0 869 885 871 851 699 744 747 705
401.270153 480.468383 2.622447 23 1 1 416 425 388 376 461 478 497 486
150.611800 677.523851 -2.165556 1 1 0 144 169 155 134 657 690 699 664
172.690297 666.484603 -2.539305 1 1 0 164 188 181 157 652 671 679 665
188.571321 652.733960 -2.471471 1 1 0 178 205 199 173 638 658 669 647
63.636754 400.731656 -2.824138 1 1 0 47 85 78 46 390 399 414 400
61.700044 434.043073 3.029564 1 1 0 41 78 85 42 429 424 439 443
116.413335 914.911618 2.666250 1 1 0 129 138 104 95 900 913 930 918
