199.710893 216.497798 2.546523 1 1 0 212 220 190 177 199 212 234 221
153.829633 245.376004 2.659655 1 1 0 166 174 143 132 232 242 259 249
200.655508 254.822145 -0.520910 1 1 0 179 192 221 211 257 270 252 240
260.166202 216.092964 -0.553294 11 1 0 239 247 281 273 222 231 212 199
862.493469 252.038796 -2.195207 9 1 0 856 883 867 845 230 266 272 240
854.403159 182.462130 -2.177180 1 1 0 849 872 858 838 163 193 203 171
989.742487 316.761276 -2.197867 11 1 0 984 1008 997 971 296 329 339 303
159.511868 511.782889 0.794744 1 1 0 150 178 168 143 494 522 528 502
300.443290 704.818561 0.880760 11 1 0 295 319 308 280 685 716 725 693
417.737375 862.996051 0.955457 1 1 0 412 435 421 403 844 875 880 853
