504.241712 145.322358 0.636508 4 1 0 497 522 509 488 129 147 161 145
761.939546 98.702994 1.444204 2 1 0 753 778 770 747 126 126 70 72
785.101898 282.083911 -2.867934 2 1 0 759 813 814 754 265 280 300 283
784.044131 625.325871 -0.077622 11 1 1 760 804 809 763 621 617 630 633
936.266764 660.386408 -1.583296 11 1 0 927 945 946 927 640 640 680 680
877.069073 800.628556 1.522447 4 1 0 865 887 889 866 785 785 816 816
844.475107 680.647522 1.113728 4 1 0 845 861 843 829 661 692 699 669
937.323866 710.774918 -1.625687 23 1 0 927 945 947 930 688 688 733 734
835.489743 843.969722 -3.058452 4 1 0 819 850 851 822 833 833 857 852
997.191542 872.277367 1.583142 1 1 0 988 1007 1007 987 852 852 894 891
955.436028 912.799596 1.570797 11 1 0 947 964 964 947 887 888 937 938
902.933314 948.741051 1.870573 1 1 0 899 915 906 891 933 937 966 959
784.537933 375.879085 -0.044914 11 1 1 807 807 763 762 367 383 383 371
813.784411 501.321810 1.249046 4 1 0 819 829 808 798 483 514 519 490
