364.489585 367.147565 -0.146666 1 1 0 342 385 388 343 365 358 370 376
751.208032 341.928602 1.735945 1 1 0 743 765 757 740 326 325 360 357
715.205844 320.063399 1.687152 1 1 0 704 731 723 703 301 301 341 338
776.843098 325.906686 -1.600788 23 1 0 766 786 787 768 301 301 354 348
791.734056 291.035457 1.444488 23 1 0 780 799 798 789 277 274 306 308
757.993785 373.595448 3.082837 1 1 0 739 776 774 743 368 367 378 381
609.547182 573.446526 1.427892 10 1 0 592 617 631 598 540 537 608 608
398.460115 693.732014 -0.071307 5 1 0 365 429 431 369 687 683 700 705
314.089286 537.576649 -1.760277 11 1 0 302 319 327 308 521 518 553 559
345.235028 551.122914 1.367303 1 1 0 335 349 355 342 537 534 566 568
