440.690214 808.081843 -3.136188 31 1 0 393 485 489 396 778 777 840 838
759.257731 892.425978 1.474937 10 1 0 752 764 768 753 879 879 908 902
735.020197 893.247589 -1.570796 1 1 0 728 742 745 725 871 871 915 916
698.047687 898.177257 1.559303 1 1 0 690 706 708 689 876 877 921 919
517.149217 298.993841 1.094531 2 1 0 543 524 490 512 328 333 273 262
585.342957 321.382750 1.252709 11 1 0 582 602 589 568 344 340 301 301
627.861344 320.355736 1.200374 2 1 0 630 646 630 606 347 345 290 299
710.022477 317.069290 0.027771 1 1 0 691 726 730 693 310 310 325 323
717.006174 270.032041 -3.116282 1 1 0 697 737 737 698 264 262 279 275
992.662561 473.154608 1.667270 11 1 0 983 998 1004 986 495 498 449 451
976.846543 338.204947 -3.090356 1 1 0 956 959 997 996 329 345 347 331
864.901998 295.891963 -3.141592 1 1 0 849 885 882 845 290 289 303 302
864.491193 226.671208 3.106723 1 1 0 846 883 889 840 221 218 234 234
1003.959717 163.384447 -2.383711 1 1 0 995 1023 1013 985 143 173 180 157
1026.964834 152.292694 0.897825 11 0 1 1020 1050 1031 1006 131 165 174 139
439.515119 543.717648 3.136099 31 1 0 394 485 485 394 514 514 573 574
