138.005202 36.166113 0.285463 1 1 0 117 163 159 113 22 35 51 37
251.745245 401.249956 -0.351445 11 1 0 271 278 233 226 386 400 416 403
274.625393 442.972578 2.834547 1 1 0 292 298 260 248 429 444 459 440
461.031303 368.724255 3.116598 11 1 0 438 482 480 444 362 362 375 377
508.810436 369.621516 3.128606 1 1 0 489 528 528 490 363 362 377 377
646.324393 -3.761988 -1.570796 11 0 1 637 655 655 637 -25 -26 18 18
851.572778 45.587350 0.030294 11 1 0 827 875 878 827 37 37 56 53
844.394693 196.102833 1.332552 1 1 0 847 856 841 833 176 212 215 181
866.601895 212.926471 1.550181 11 1 0 858 874 875 859 189 188 238 236
837.665237 253.751833 -1.596001 23 1 1 826 848 851 826 225 223 284 283
866.377580 276.631981 1.514676 5 1 1 854 876 878 857 255 254 302 296
602.444539 629.234612 2.775672 23 1 1 571 625 633 580 630 608 630 649
618.146601 649.647293 -0.394791 11 1 0 594 635 643 600 653 634 648 664
670.412037 818.332304 -0.378142 1 1 0 647 684 694 658 820 803 819 831
731.874395 795.003526 2.767866 23 1 1 700 753 762 713 797 774 796 813
723.574733 843.904234 2.785957 1 1 1 702 737 745 710 844 830 845 857
24.501724 644.790103 -1.777332 11 1 0 10 28 41 19 624 613 670 672
