716.964190 88.058929 0.017855 11 1 0 686 745 745 692 81 81 96 94
660.836672 114.775628 -0.009901 11 1 0 635 686 686 636 106 104 125 124
753.334822 119.265829 0.049958 2 1 0 705 798 798 711 105 108 135 129
844.261402 119.265829 -0.011627 1 1 0 821 869 863 825 113 110 128 126
922.839928 116.796218 0.022723 1 1 0 902 943 947 900 107 108 127 126
911.389914 88.507949 0.000000 1 1 0 889 933 932 891 80 80 97 97
927.554639 273.728760 2.430134 1 1 0 920 948 936 906 293 269 253 279
621.771919 369.819071 1.194835 11 1 0 622 640 619 607 347 388 390 355
57.525559 138.798205 0.035279 1 1 0 36 81 76 36 131 132 147 145
723.497075 797.321739 1.535517 9 1 0 714 732 734 715 776 776 819 818
722.591026 979.148965 1.176005 1 1 0 720 737 723 710 959 994 1000 963
