367.659953 440.955327 2.329174 2 1 0 390 408 343 329 402 413 480 468
351.079645 549.565658 2.341703 9 1 0 362 374 339 329 526 538 573 561
295.004672 560.929689 2.356195 1 1 0 305 317 286 272 540 550 583 571
497.135390 398.852523 2.348065 11 1 0 507 518 489 475 378 389 421 408
157.214300 700.130842 2.366096 1 1 0 165 175 150 139 683 692 717 708
370.522754 745.773262 -0.813846 2 1 0 419 442 320 302 675 690 817 801
557.439946 604.544983 -0.830144 2 1 0 598 613 519 500 546 558 665 649
590.041674 496.307243 -0.832981 1 1 0 596 609 582 573 477 488 514 506
632.601132 257.420547 2.262134 1 1 0 639 650 626 615 239 247 278 266
139.678333 946.223607 -0.829617 1 1 0 147 159 130 122 926 937 966 956
