50.386210 500.862544 1.570796 11 1 0 43 58 58 43 480 481 522 520
96.097842 488.756267 -1.373401 1 1 0 93 107 102 83 469 471 509 506
113.631070 432.399460 -1.218339 11 1 0 113 130 114 97 408 413 458 450
137.426166 578.300970 -3.077166 4 1 0 120 152 154 124 572 569 590 583
111.126323 617.124548 -0.092519 11 1 0 134 137 89 85 605 625 630 609
102.985896 650.312445 3.040246 4 1 0 86 115 120 90 644 640 658 660
122.815142 719.819172 -2.967245 2 1 0 79 169 165 79 701 716 739 723
76.477324 349.764818 0.206121 5 1 1 46 107 101 52 332 347 364 356
85.870125 372.933727 0.184543 5 1 1 69 106 103 65 359 365 388 380
117.179462 746.264360 0.008403 2 1 0 86 145 149 89 734 735 758 758
