324.766747 525.377104 0.175940 1 1 0 303 349 346 302 516 522 537 527
300.996804 559.780969 -0.473851 11 1 0 316 325 285 278 544 556 576 564
125.067946 677.066874 -0.161092 11 1 0 102 144 146 108 674 667 681 687
128.508332 699.429387 -0.314994 1 1 0 103 148 154 110 699 685 699 714
320.852172 825.583105 -1.521656 1 1 0 315 328 326 314 810 811 842 840
265.805987 828.710729 1.481482 1 1 0 257 271 273 261 812 812 846 845
169.475164 816.200232 1.128422 1 1 0 156 169 181 171 805 799 827 834
173.853838 931.609563 -1.342939 1 1 0 171 185 177 163 912 917 952 946
157.433811 1008.705498 1.758436 11 0 1 153 169 161 146 987 991 1031 1026
483.072125 826.054231 -0.571337 10 1 0 492 502 475 463 812 822 841 829
429.266485 612.349068 1.728025 1 1 0 424 441 434 418 591 593 635 631
