91.499641 54.512152 -3.117501 23 1 0 70 112 112 71 44 45 65 64
751.402072 181.798144 1.553099 23 1 1 739 763 764 740 154 153 209 211
940.701734 408.126291 3.141592 1 1 0 922 959 959 923 400 400 416 416
993.721016 323.533728 -1.558139 1 1 0 987 1001 1002 985 304 303 344 342
986.175201 223.849536 -1.529154 5 1 1 978 996 995 976 206 206 242 242
839.627523 563.629092 1.582424 11 1 0 833 847 848 831 542 542 585 585
973.466459 548.140314 1.641103 1 1 0 984 993 963 954 533 541 565 554
834.663171 686.745028 -1.500490 1 1 0 831 841 841 826 669 669 704 705
501.498461 663.062420 -1.138389 5 1 0 505 528 496 477 626 635 699 692
361.045374 913.298510 -0.933903 11 1 0 368 381 353 342 891 899 937 926
