98.023167 523.866528 1.531981 5 1 0 83 111 113 85 499 497 549 550
121.241627 455.568073 3.106723 1 1 0 100 142 143 99 448 445 465 465
184.866236 531.254220 1.376111 1 1 0 173 190 196 181 515 512 548 550
207.330849 531.555758 -1.531855 1 1 0 199 217 213 200 512 512 551 550
250.450845 532.158835 -1.581106 11 1 0 240 260 259 242 509 507 557 556
331.489661 391.700345 -0.879140 1 1 0 337 353 327 310 371 380 412 403
444.866367 706.724927 0.043832 5 1 0 418 474 473 415 695 696 720 716
452.404828 737.481847 0.024995 5 1 0 433 471 474 432 726 727 749 748
272.069670 732.777319 0.000000 11 1 0 248 294 295 251 725 725 741 741
283.566400 762.128820 -0.081452 11 1 0 258 308 308 260 755 751 769 773
