30.765869 102.090808 -0.022984 1 1 0 9 53 52 9 94 94 109 111
36.755989 546.970934 -0.221130 5 1 0 2 66 72 7 545 532 548 564
118.095511 544.448778 0.044415 5 1 0 74 163 163 72 534 535 558 551
99.652247 516.862700 -3.097178 11 1 0 74 125 125 75 509 507 529 522
916.362573 858.195357 -1.581666 11 1 0 907 926 926 908 834 836 881 881
1008.105988 135.592966 -2.836234 11 0 1 987 1036 1026 983 121 136 150 136
931.653142 128.341768 0.036748 5 1 0 966 965 897 898 119 140 137 117
637.033827 329.010783 1.546411 5 1 0 621 651 651 625 287 289 371 369
668.560774 207.316769 -1.640994 23 1 1 655 678 683 659 175 175 239 239
678.964666 86.253295 1.548328 11 1 0 669 688 688 671 64 64 110 107
